994
212
523
707
419
737
453
7
392
240
35
40
985
165
727
935
667
918
950
74
340
815
792
819
386
194
123
986
877
373
771
827
959
833
912
36
803
619
540
93
800
425
24
155
790
328
306
21
569
502
130
505
701
321
159
921
602
100
623
599
473
6
541
851
223
965
996
907
80
236
575
92
590
458
267
331
884
846
281
61
749
32
562
678
697
381
371
820
797
750
209
257
730
174
53
905
924
807
214
274
916
596
565
821
264
991
848
593
993
722
297
317
138
772
348
904
591
249
57
500
216
999
980
613
286
355
460
609
129
412
470
939
534
85
758
710
785
583
554
738
687
736
605
5
871
363
441
949
886
82
372
854
849
128
151
588
759
641
230
763
858
775
250
925
510
270
783
290
957
604
517
302
836
102
440
76
774
742
238
329
296
60
635
519
961
548
977
747
555
376
914
644
666
237
521
113
755
68
926
117
744
442
891
544
330
971
268
532
97
116
414
537
364
584
603
516
629
291
733
975
900
200
305
860
239
757
26
396
287
572
838
472
618
899
779
166
679
728
346
826
963
429
318
743
890
852
162
466
8
136
19
551
705
146
476
418
314
304
417
696
937
874
651
536
835
242
105
322
741
682
508
77
901
655
624
48
714
712
550
388
545
760
708
303
62
484
564
832
578
430
524
261
59
391
946
527
739
41
706
436
699
451
112
18
512
989
567
87
804
188
252
347
566
915
382
586
646
952
830
334
474
531
615
617
919
690
694
426
243
31
253
657
713
449
633
507
464
144
255
30
896
801
360
940
409
272
660
663
735
395
673
638
764
445
263
208
354
883
160
479
428
1000
170
756
535
931
867
206
954
876
38
91
998
89
78
530
648
494
482
872
972
786
465
149
579
109
69
219
478
52
837
675
869
547
908
879
1
119
325
99
856
127
691
538
145
234
225
556
526
327
976
416
147
154
927
58
207
84
126
825
135
139
875
917
46
878
277
814
435
447
805
422
421
198
546
410
307
822
186
831
42
823
468
15
262
643
492
81
344
4
958
190
357
906
501
66
298
873
558
944
10
106
611
407
98
72
163
288
693
54
438
103
795
49
204
984
811
433
210
45
669
34
218
857
17
794
64
195
309
656
179
454
855
122
90
616
953
964
338
497
406
326
585
271
393
902
677
533
561
226
443
221
295
118
222
818
247
689
719
829
661
868
716
788
152
571
220
246
844
43
592
193
368
631
658
893
177
367
171
408
503
841
813
518
640
124
766
784
351
104
172
273
674
938
581
746
947
928
892
824
37
232
973
967
607
47
463
356
745
894
610
488
491
366
810
520
970
637
176
776
770
131
14
809
762
862
448
587
486
563
577
405
293
224
205
183
987
715
511
452
96
864
692
853
489
423
400
802
796
11
213
847
903
333
141
806
390
266
580
153
133
316
943
55
870
88
20
450
557
459
279
570
740
16
369
455
574
956
799
481
639
217
632
628
622
979
576
265
994
311
196
767
627
724
168
887
70
164
378
543
731
748
389
301
467
515
951
75
12
158
94
695
711
3
44
553
754
684
424
621
285
672
404
969
725
211
110
997
312
25
680
359
782
28
51
620
487
342
528
932
173
125
375
889
683
880
115
358
688
379
282
982
504
413
29
929
275
817
529
269
387
670
227
483
681
780
769
968
625
189
983
910
717
493
686
495
444
292
897
845
509
514
1835344
9
966
990
962
560
600
650
974
197
636
589
398
203
157
559
140
178
315
698
995
280
402
888
626
732
278
33
56
930
752
761
384
652
960
791
913
336
150
362
942
352
251
630
427
39
343
353
228
320
882
525
319
111
323
79
308
498
121
283
789
513
63
260
86
645
397
27
934
245
341
143
721
668
911
120
634
231
595
649
182
142
480
612
370
383
374
662
582
568
608
471
313
664
881
335
235
132
361
332
936
981
490
522
665
294
700
812
923
614
703
606
597
339
439
83
787
469
187
161
310
676
828
415
248
385
169
22
50
671
866
431
549
107
420
542
185
941
300
114
457
734
324
898
778
377
798
808
955
685
156
839
258
345
148
865
244
653
922
654
753
704
108
365
350
180
349
401
601
850
793
101
729
840
256
259
765
394
437
67
137
842
23
933
167
647
781
192
184
573
539
920
434
199
462
642
659
859
284
276
720
299
751
201
202
215
718
863
594
475
380
181
709
992
988
446
241
73
895
885
598
71
773
456
506
552
175
816
499
702
399
723
95
768
191
289
254
134
13
726
777
65
945
2
403
978
948
411
909
229
337
485
861
